4 4
A 0 0 0 0 C 0 D 0 0 0 0 0 0 4 0 
0 0 0 0 0 0 0 0 0 0 0 E 0 0 0 0 
0 0 0 0 0 0 0 0 0 0 0 0 D 0 0 0 
4 0 0 0 0 0 0 0 0 0 0 0 0 0 0 0 
0 0 0 0 0 0 0 0 0 0 0 0 0 2 0 0 
0 0 0 0 G F 0 0 0 C 0 0 0 3 0 0 
0 0 0 A C 0 3 0 0 0 B 0 0 0 0 0 
0 0 0 0 0 0 0 0 0 3 D 7 0 C B 0 
0 4 0 0 0 0 E 9 F 0 0 0 0 B 0 0 
0 0 7 0 0 0 0 0 0 6 0 0 0 0 0 0 
0 1 0 0 0 0 0 0 0 E 8 0 7 0 0 2 
0 5 0 0 0 6 0 0 0 0 4 0 F 0 0 0 
0 0 0 0 0 0 0 G A 0 0 0 0 0 0 4 
0 0 0 0 0 0 0 0 0 0 0 0 0 0 0 1 
0 0 0 0 0 0 0 0 0 0 F 0 0 0 6 0 
0 0 0 3 0 0 F 0 0 0 0 0 0 0 0 0 
