4 4
0 0 0 0 0 0 D 0 0 0 C 6 0 0 0 0 
0 0 0 0 0 0 0 2 0 0 0 D 0 0 0 0 
0 0 0 0 0 0 0 0 0 B 0 0 0 0 0 0 
0 0 0 0 G 0 9 0 0 0 0 0 0 0 0 0 
0 0 B 0 0 4 0 0 0 2 0 0 0 0 A C 
G 0 0 0 0 0 0 0 0 0 0 0 0 0 0 E 
0 0 0 0 0 E 0 A 0 0 0 0 0 0 0 0 
C 0 F 8 0 0 0 0 0 0 0 0 0 0 0 0 
0 9 0 0 0 0 0 0 0 0 0 0 0 0 0 0 
0 4 0 0 0 0 0 0 0 0 0 0 0 3 0 F 
0 0 0 A 0 0 0 0 0 F 0 C 0 0 7 0 
B 0 0 0 0 0 0 F 0 0 0 0 0 0 0 0 
1 0 0 0 0 0 0 0 0 0 0 8 D 0 G 0 
0 0 0 0 0 0 0 0 F 0 0 3 0 0 0 0 
0 F 0 0 0 G 8 4 0 0 0 1 0 0 0 A 
2 0 0 9 0 0 0 0 0 0 0 0 0 F 0 0 
