4 4
0 0 0 C 0 0 0 0 6 0 0 0 0 0 0 0 
0 0 0 B F 0 0 9 0 0 0 0 0 0 0 0 
3 F 0 0 0 0 0 0 0 2 9 0 0 0 0 0 
0 G 0 0 0 B D 4 0 0 0 0 0 0 0 0 
0 0 0 0 0 0 0 0 0 7 0 0 0 A 0 0 
8 A 0 0 0 0 0 0 0 0 0 0 0 0 0 0 
G 0 0 9 0 0 0 0 0 0 C 0 0 0 0 0 
0 0 0 0 A 0 0 0 0 0 G 0 0 0 6 0 
0 0 5 0 0 0 9 0 0 D 0 E F 0 0 0 
0 0 0 0 0 0 C 0 0 0 0 0 0 0 0 7 
0 4 0 0 0 0 0 0 0 0 0 0 0 3 0 0 
0 1 0 0 0 0 3 D 0 0 0 0 8 0 0 0 
0 0 0 0 0 0 0 3 0 0 0 A 0 0 0 8 
0 0 B 0 0 4 0 0 0 0 0 0 3 0 0 0 
0 0 0 A 0 0 0 0 9 0 0 0 0 0 0 0 
0 0 0 0 0 9 0 0 0 0 0 0 0 0 0 0 
