4 4
0 0 0 1 0 0 0 0 0 0 0 0 0 0 0 0 
0 0 0 0 3 7 0 0 5 0 0 6 0 0 0 E 
0 5 6 0 0 0 0 0 0 4 0 0 0 0 0 0 
A 0 0 0 0 0 0 0 7 B 0 0 0 0 0 0 
0 0 0 0 A 0 0 0 0 0 0 0 0 0 0 0 
0 0 0 0 5 0 0 0 0 0 0 0 0 9 0 0 
0 0 0 0 4 2 0 0 0 8 5 0 0 0 6 0 
0 0 0 0 0 0 0 0 0 0 0 0 1 0 0 0 
0 0 0 0 0 0 0 0 0 0 0 0 0 0 0 6 
C 0 4 0 0 0 0 0 0 0 0 3 0 E 0 G 
0 2 0 0 0 0 0 0 8 0 4 0 0 0 0 0 
G 0 0 0 0 0 0 0 0 0 0 7 4 D B 0 
0 0 0 0 0 0 0 0 0 0 0 0 0 0 0 0 
0 0 0 0 0 0 6 0 0 0 0 0 0 0 0 0 
D 0 C 0 0 0 0 B 0 1 0 0 6 0 E 0 
F 0 0 0 E 0 0 0 0 0 0 B 0 0 0 0 
