4 4
0 0 0 0 0 0 0 E 0 0 0 8 0 0 0 0 
9 0 0 0 0 0 0 0 5 0 0 0 0 D 0 0 
5 4 0 0 0 0 0 0 0 0 0 0 0 0 0 0 
0 0 0 0 0 D 0 C 2 0 0 4 0 0 F 1 
0 0 0 0 0 0 5 0 0 0 0 0 0 0 0 0 
0 0 1 3 0 0 0 0 D 0 0 0 0 0 0 0 
0 0 0 9 0 0 0 0 0 G 0 0 0 0 0 0 
0 0 0 0 0 9 0 0 0 0 F 0 0 0 8 0 
0 0 6 0 0 G D B 0 0 0 0 0 0 0 0 
0 E 5 0 0 0 0 0 7 0 0 0 0 0 C 0 
0 2 0 0 0 0 4 0 0 0 0 0 0 0 0 0 
D 0 A 0 0 0 0 0 0 0 0 0 0 0 0 0 
0 8 E 0 7 0 0 0 0 0 0 0 0 0 0 0 
0 0 0 0 0 0 8 0 0 0 0 1 2 0 0 0 
0 9 0 C 0 0 0 0 0 F 0 6 0 0 0 0 
0 0 0 0 0 1 0 0 0 0 0 0 0 0 0 0 
